time,x,y,z,phi,theta,psi,x_velocity,y_velocity,z_velocity,phi_velocity,theta_velocity,psi_velocity,rotor_speed1,rotor_speed2,rotor_speed3,rotor_speed4
0.06,-5.151673610973819e-07,3.092140654184231e-06,10.008850597931056,0.0014401429112433917,0.00035801623318043596,0.0,-4.333071986216311e-05,0.00022529457653518135,0.2949901318852467,0.05063748073719275,0.01581665025076301,0.0,494.7440906342296,495.9069744241505,492.646595616997,496.37605519699866
0.12000000000000001,-1.5521571040753118e-05,6.32766526441136e-05,10.032041449764453,0.004740082969311388,0.0008921608413876569,0.0,-0.0005483897028708076,0.0021443148446293587,0.4779780344086458,0.06253862229527378,-0.010854579633605721,0.0,463.46789149907465,461.3671650547828,462.31201175722776,463.2505026828512
0.18,-6.512857463785233e-05,0.00030528517202680494,10.063847827253701,0.008834016499710273,0.000771945260604312,0.0,-0.0010698304601054062,0.006326977343378115,0.5821842444255564,0.07769896515010498,0.011525311608151739,0.0,436.53823288391175,438.40148802616267,438.88302442643004,440.1428225175178
0.23999999999999996,-0.0001465957436697014,0.0008718776967081138,10.100393940017417,0.013584820084020066,0.00133640708995042,0.0,-0.0017058422930739945,0.013007192381572566,0.6359859728906739,0.08198724196346588,0.0047949606314539395,0.0,422.08740664644915,421.5061390829491,422.7416811433458,423.1163409504463
0.3,-0.000282697102823338,0.0020052409614533533,10.145240137436932,0.018520057836639126,0.0015035089048209827,0.0,-0.0028584134898028577,0.025361681398481245,0.8587372132795761,0.08278180592997439,-0.001573072158000724,0.0,474.5786297182623,474.08961155616885,475.085624071349,475.1515494761615
0.36000000000000004,-0.0004872971086333791,0.003960904480269362,10.201417366887922,0.0236741474988742,0.0013117624297809272,0.0,-0.003945879576771878,0.040382693381698406,1.0137006542155393,0.09150312767077737,-0.006656765342391841,0.0,455.5265356340738,455.11994563171885,453.9554911940945,454.66056110992724
0.4200000000000001,-0.0007473286711527101,0.006849468908238554,10.263435812689822,0.029153005917704533,0.0007877298962863932,0.0,-0.004679135220945336,0.05641240431219299,1.0535313311749037,0.09093424411937441,-0.013250443145684236,0.0,419.06515953547876,418.4917978051198,418.23987680813093,418.19791238011493
0.48000000000000015,-0.001043329539810393,0.010942446402743949,10.332465166329111,0.03456019674441979,6.282701835793512,0.0,-0.005078037950926708,0.08064365812193697,1.2472355051022057,0.08844040324622118,-0.045987544259306665,0.0,467.67537710163685,465.1187016034505,467.52550632885453,467.3375419911277
0.5400000000000001,-0.0013270575701783938,0.016531207729591667,10.41074138655918,0.03954264719880296,6.279533647437788,0.0,-0.004076744394877015,0.10618252910699474,1.3618207669093434,0.06914843783351353,-0.07211701883919393,0.0,444.55891577653716,442.4108618480038,443.719888428984,442.13898134844374
0.6000000000000002,-0.0014681818456670436,0.023841641240806555,10.49808478899439,0.04385855291899521,6.275469525831937,0.0,-0.00014715571989008412,0.13797560924784952,1.5493663521840926,0.07698394100037986,-0.060166288069171854,0.0,465.6634617218272,466.5940176893504,465.28941400110324,465.9060928033921
0.6600000000000003,-0.0013017236304828802,0.03305469173879235,10.594269076449972,0.04888420391945747,6.2715286426895815,0.0,0.006080614866437748,0.16961825194672314,1.6565983086727643,0.09469346534794773,-0.07997471677134814,0.0,442.8822323501077,441.24673911315,440.803679316393,442.2702619306865
0.7200000000000003,-0.0006470462001467008,0.044384342257841734,10.69907561798703,0.0545590519076713,6.266435153810614,0.0,0.016299407317533262,0.20866822393884826,1.8366369387944899,0.09435468172870773,-0.0971858697725097,0.0,466.12156241000275,464.7689778189576,463.6994025340128,463.6799785581258
0.7800000000000004,0.0007006479444183982,0.058058014670408685,10.812323963858786,0.061157213461154214,6.2607041025911165,0.0,0.0292122610202065,0.24774724293229763,1.9380888839266879,0.13036934151228463,-0.09237604687596417,0.0,440.9722943113669,441.3615553127684,439.4821058358726,442.46703155484073
0.8400000000000004,0.0029056493743535297,0.07412749886912809,10.930168575133704,0.06955604762151157,6.254616226968352,0.0,0.044824449420687404,0.2886682075611604,1.9899063159590675,0.15438030911212638,-0.13418281412230051,0.0,427.4712279134634,423.88325951675347,424.48397797443164,426.5580670578366
0.9000000000000005,0.006173181656268718,0.09281652923008381,11.05109354405014,0.0788117215186146,6.246920470749311,0.0,0.06483606194394116,0.3351662602962342,2.0407399107893305,0.15402231580289977,-0.11848642067302367,0.0,425.37979842058235,426.70575803487753,425.28183471449387,425.27482607205616
0.9600000000000005,0.010796970083400245,0.11449539550377981,11.175336601700417,0.08816721995865162,6.240100309712034,0.0,0.0899553899011473,0.3883418992684088,2.1004754985762175,0.15947756478162833,-0.10545781107677238,0.0,427.7048687322887,428.8008515589803,429.4982606376346,429.98454162779245
1.0200000000000005,0.01698690547461136,0.1394015638450078,11.301531137800819,0.09774360167960428,6.233486060885866,0.0,0.11694441356455926,0.4426986943725627,2.1058812185316187,0.15986237967432784,-0.12209284989660514,0.0,412.21366515703886,410.7290328174028,411.3339270859487,411.39443867436046
1.0800000000000005,0.02513773172586017,0.16816898824392487,11.432336551562939,0.1068606247742343,6.226991135509186,0.0,0.15548194735187607,0.5172074536683441,2.2538525582923814,0.12733771685453313,-0.08945630122004744,0.0,456.7653247441881,459.3499641881911,458.5928954478163,456.02252830041886
1.1400000000000006,0.03573708282250323,0.20159729191052103,11.571978435242913,0.11400845276966276,6.221947991947955,0.0,0.19837888180922433,0.5978408691840364,2.4004293466230537,0.09279321813413637,-0.07499394125585691,0.0,457.33390359158255,458.4786918208485,459.8153335355454,457.08229182594096
1.2000000000000006,0.048862868996332805,0.23972388800510833,11.717905510504117,0.12005109686216642,6.216895026667498,0.0,0.2395855038391026,0.6735799580431885,2.4635493539818225,0.11309895091994701,-0.11818717946631134,0.0,435.145394098187,431.50746087542535,431.40993242195714,433.1299117005182
1.2600000000000007,0.06477539245749178,0.282881969736218,11.870607057591636,0.12738077840082518,6.20995614980346,0.0,0.2915892229766219,0.7657485073872388,2.625949389788243,0.13592814140278564,-0.11100396183555612,0.0,464.0746043218563,464.6267262025583,463.80426602040427,465.60622347573656
1.3200000000000007,0.08396661508407612,0.33174345177872955,12.033060860248863,0.1362366851432304,6.203574006292385,0.0,0.34881420638259447,0.8638479988015186,2.788560766549691,0.16423776216254127,-0.09842502093371058,0.0,464.66024879457547,465.6358561737112,465.28787510243984,467.5176052961743
1.3800000000000008,0.10665980513953963,0.386568259784749,12.20433430278859,0.14572805393878774,6.197830559734376,0.0,0.40821834549042535,0.9646093366767138,2.9199668485256773,0.14198614003289123,-0.09080945474038891,0.0,457.6809660854505,458.279149359457,458.0051343966755,456.2545747011964
1.4400000000000008,0.13317859031345863,0.44786881099385945,12.385031342190496,0.1542583464999998,6.192409928271612,0.0,0.47631719481528273,1.079611243572132,3.1025090121886216,0.14253936618103918,-0.08942919235144584,0.0,473.85233144901815,473.95214738673997,474.6700242438219,474.7298963550968
1.5000000000000009,0.1634816682848885,0.5155417068116979,12.572049944399465,0.1631583700901924,6.187189348159928,0.0,0.5342577032994592,1.176904940350866,3.1311207644082164,0.1579347122927819,-0.08256626290380575,0.0,426.7085296070762,427.28739065721334,427.3726161339058,428.7042190523051
1.560000000000001,0.1974163184098022,0.5893149655458977,12.761350292770704,0.17245052083127455,6.182209117596258,0.0,0.5973460450198109,1.2830263255833572,3.1784777942094666,0.14790911296860723,-0.08389309901835358,0.0,433.5301470375958,433.4128393972451,435.8319110638197,435.01628965392393
1.620000000000001,0.2353053083836373,0.6697491530852866,12.954157710027559,0.18096050919953388,6.176933915609705,0.0,0.6660929253028351,1.398881078768401,3.2479357846656383,0.1255219742098989,-0.0975135523773334,0.0,443.0291657716161,441.90123622587794,443.5302935845229,441.706264243774
1.680000000000001,0.2773401727863217,0.7571449523599192,13.15030085410673,0.18822612098318103,6.1707981081696985,0.0,0.7356054986352016,1.5149248729140066,3.2897531590424713,0.11032103299579991,-0.11402646183973145,0.0,436.27288168146754,434.8823796892979,434.3296882860254,433.06638206710534
1.740000000000001,0.3238973272948917,0.8520110164376572,13.350905582685431,0.1945965167064232,6.164076428460609,0.0,0.8169517549069668,1.64781453517172,3.3964154668350424,0.09623135689920022,-0.10830710641646,0.0,456.6207176632953,457.0659891369217,456.4735377145689,455.3572165307658
1.8000000000000012,0.3756531575400098,0.9552574784361774,13.55931084368779,0.20127019822961323,6.157612163386325,0.0,0.9088825283205579,1.7942503627825173,3.549572844363121,0.13108064777666759,-0.10662362844778549,0.0,472.88857154680903,473.0088013061674,469.9374430377435,472.64072648953106
1.8600000000000012,0.43308452922680646,1.0674592250344819,13.776973006263198,0.20951720750682412,6.150773527199915,0.0,1.0061338413319383,1.9464992892086022,3.704869576864119,0.147836876581163,-0.1357225348296762,0.0,475.300604981295,473.0538228077418,474.3760598428318,475.6770428507603
1.9200000000000013,0.4962437658109108,1.1885551863463486,14.001947758230223,0.2189255826889891,6.14319218984733,0.0,1.0998974713284935,2.0907839273594466,3.793489586578149,0.17046034347049974,-0.11223527737057053,0.0,455.0920002152732,456.95376798246525,455.1227201076217,456.95214974893486
1.9800000000000013,0.5657549600931024,1.3193783534424455,14.236126583842628,0.22966098448198746,6.136628406397529,0.0,1.2177919720136345,2.270943856196475,4.01104450712341,0.19197189122161637,-0.10425410770725121,0.0,496.9307847366443,497.50632824585495,495.78496160771493,497.3898677076059
2.0400000000000014,0.6420779256120563,1.4606136028206675,14.480528287683295,0.2407547973917623,6.130521042195465,0.0,1.3268493977902194,2.4378551376363293,4.134566744655144,0.16447373673462895,-0.09727023069014352,0.0,471.4005220221276,471.9315900253874,472.67081243036995,470.5770321734135
2.1000000000000014,0.7245737447127208,1.6113041454063508,14.729133747811948,0.2504945543522519,6.12433423856587,0.0,1.4234948875610833,2.5858878130796943,4.151661724911427,0.1576595901966777,-0.11856765016360003,0.0,440.89018291356905,439.1171416151302,440.1361327998863,439.59710709200823
2.1600000000000015,0.8132109093337362,1.7713865114715868,14.98005973559603,0.2605881699913848,6.117635125797147,0.0,1.5316522427477233,2.750909140884539,4.211657385025326,0.1836906721749122,-0.10053966927152531,0.0,454.6672320700972,456.0985514504106,454.31811862010903,456.4264570444974
2.2200000000000015,0.9085062841531807,1.9416182405780376,15.23475446069477,0.27132816255374603,6.112039510334814,0.0,1.6453140919940248,2.9242870249962527,4.277195096460832,0.1674314769634399,-0.08167609660879334,0.0,458.2370427282682,459.72708072500916,459.8841304856055,458.62388915909
2.2800000000000016,1.0108640882931093,2.1226547574234575,15.494070336183615,0.2812784766114742,6.107284079422717,0.0,1.7669563475738854,3.1109626685075957,4.365577217415962,0.1624505959860409,-0.07481449552338329,0.0,468.3449463368625,468.8736980713417,468.46702726045265,468.104237090318
2.3400000000000016,1.1202749637596507,2.3145444984648322,15.756794943927344,0.292262693383206,6.10287117591929,0.0,1.8803742865680002,3.2860780000357477,4.391082477242981,0.20741594947472913,-0.0711306538003293,0.0,451.1621690764558,451.4554279547931,447.9384620569253,451.6108509536647
2.4000000000000017,1.2365440473668068,2.5170912814799,16.020846026253523,0.30471389466046084,6.098365509456885,0.0,1.9955436403151732,3.4663453707256915,4.409715652703064,0.20772699429680835,-0.08450815316354487,0.0,450.3369673571932,449.24896956890603,450.616488449801,450.6833362357708
2.4600000000000017,1.3598142063849952,2.7306738379680415,16.28597793967563,0.31731615352102693,6.093354571151011,0.0,2.1137951413483758,3.6539107862486553,4.427046465789784,0.2142920059399915,-0.08160223965983113,0.0,451.81459567046863,452.0432925836636,451.49911229210113,452.0711414437832
2.520000000000002,1.4899600002862723,2.955216276501076,16.550549857813284,0.33038816024657525,6.088285007155019,0.0,2.224724295743903,3.8316710268849916,4.391283790255542,0.22418802454660153,-0.0910065699286595,0.0,436.39527170700455,435.6033635832334,435.7779813143123,436.652318953352
2.580000000000002,1.6268900873333805,3.1906927385594903,16.813108960858276,0.3438322918777912,6.08295268601379,0.0,2.339961750606444,4.018385734633162,4.3598492096327615,0.22382991925176537,-0.08491499220839051,0.0,440.47444914374404,440.9713582624915,438.01684254575156,438.03765674143676
2.640000000000002,1.7706781010433785,3.437333286076148,17.07303856081939,0.35711815994079643,6.07758278625759,0.0,2.4533005901902127,4.203766877847849,4.303735559654585,0.21615194284999456,-0.10074597730824744,0.0,433.3239150657843,431.9837008239247,433.1325215862972,432.53615713257875
2.700000000000002,1.9217769864425698,3.695989959947661,17.331410228111405,0.3701238364249839,6.071196163458982,0.0,2.583716916781823,4.418845244449285,4.307492324487198,0.21795076754227752,-0.12137285188168019,0.0,455.8875828672366,454.22619296199287,455.15805167708055,455.34721816452515
2.760000000000002,2.0814571391071537,3.9688219533766547,17.592653588794743,0.3828180060499582,6.064247283384329,0.0,2.7393997892808533,4.676192355739137,4.398808697080274,0.19409115352079712,-0.1065408302935105,0.0,485.6984582019103,486.7989089326617,487.57718362315296,485.83038862093076
2.820000000000002,2.2490343152855163,4.254649359062138,17.85269373385104,0.394870306431125,6.057771649991285,0.0,2.8469214037241963,4.8519910882378365,4.268800186335644,0.21179947756691697,-0.11085240982859043,0.0,414.63428539295177,414.2440473336775,413.28521420880173,414.8858085914865
2.880000000000002,2.4234591579314766,4.551672576997951,18.10609522231686,0.4072062035976032,6.051128484439431,0.0,2.967645175744103,5.049376663351473,4.177189099976295,0.1888231375418514,-0.11045501179622629,0.0,429.0729786141042,429.09539724903044,431.0142747866094,429.11015786553344
2.940000000000002,2.606169616239731,4.8622596343108695,18.357567766235174,0.4186831943112539,6.044834192693678,0.0,3.123030101832443,5.303894446509336,4.203730334254845,0.19579117585249828,-0.09564155528286833,0.0,471.5322467287443,472.66644371971574,472.58660547818204,473.15666178196085
3.000000000000002,2.7987786562094383,5.189058469746699,18.61226312769944,0.43071675859777425,6.03936335059581,0.0,3.2974459206876388,5.5897122568216355,4.2841612714066475,0.20869400684826483,-0.08349440749057861,0.0,493.13976284861633,494.0302650722474,492.950713891478,493.9382758969879
3.0600000000000023,3.0006703484079535,5.531037643932881,18.866988003610807,0.4430851137609828,6.03393381742012,0.0,3.432497313751643,5.810055781408009,4.205720450998591,0.20047658526272924,-0.11059493786323359,0.0,444.96882929756805,442.7368261470222,444.25388615881246,443.62117314279124
3.1200000000000023,3.211473788360613,5.88759537818208,19.11947652092955,0.4549476340065137,6.027341916901737,0.0,3.5945541570548567,6.07545122873661,4.208949464472367,0.19151328091763412,-0.1084449365536349,0.0,474.7581320845178,474.9132939647371,475.0723579438565,474.41985357845033
3.1800000000000024,3.4307044269757356,6.25785634447309,19.367230506299236,0.4665347662354984,6.020766112420709,0.0,3.7134934424259627,6.2669765899966885,4.049061074690732,0.19614614324608112,-0.11200378828475523,0.0,419.5808268779749,419.26024982626507,419.41278783916346,419.85383025079324
3.2400000000000024,3.6582989753254416,6.641621869024085,19.60911648713425,0.47851058805382785,6.014886780340229,0.0,3.8731983240461507,6.525390162448886,4.012371473069343,0.20572365440455717,-0.07903471582412422,0.0,464.95037420041496,467.51854136043903,465.73944326406195,466.52496875309316
3.3000000000000025,3.8950161977243782,7.04011278645835,19.84694416457258,0.4908533759892535,6.00983884495578,0.0,4.017500579103871,6.757920109952565,3.914199435451653,0.2056921164228244,-0.09701279822526238,0.0,448.0516233639709,446.58125690548354,447.5961851062928,447.6348637394857
3.3600000000000025,4.141177079769388,7.453878057140884,20.081034967158768,0.5037762693870418,6.004008288689803,0.0,4.187957287662255,7.0343541719364655,3.8871351467599466,0.22986276322817836,-0.09750397601657197,0.0,475.25866918292667,475.21360582573647,475.0260592068285,476.918190448255
3.4200000000000026,4.397522331608172,7.8841512673909735,20.312970002173905,0.5172935041460018,5.99777184883097,0.0,4.356972072585949,7.308210821941867,3.842317883269899,0.21408064482438552,-0.12166512101592579,0.0,474.80288619509713,472.93603125956326,473.65098785281674,472.4821036016844
3.4800000000000026,4.661926926608467,8.327320448042244,20.535666568429576,0.5301253911854307,5.990158454929039,0.0,4.456941029689241,7.464533512413451,3.5809230869696105,0.21343032836382195,-0.1401844886567387,0.0,393.812419286944,392.07765519170766,393.6666240941101,393.65802709695976
3.5400000000000027,4.932543644150844,8.78016135048922,20.743032368219733,0.542695425227036,5.981957057570863,0.0,4.564063039247771,7.6305050833899575,3.3311319749537103,0.20019750746775725,-0.13049122559965817,0.0,397.4798986070591,398.34784149370194,399.3803742098648,398.21970560323575
3.6000000000000028,5.20985788203667,9.243328234470939,20.935884847402065,0.5551635712904499,5.973950118841341,0.0,4.680135351861679,7.808629169794031,3.0970073012101316,0.21979033153888428,-0.14013189949701,0.0,405.5146374641698,404.62897832656444,404.9713305383418,406.7769270264263
3.660000000000003,5.494549015467367,9.71777908485079,21.115505992531983,0.5683609749171961,5.965601195017069,0.0,4.809927094417876,8.006547551091248,2.8897436108508106,0.22028684341049,-0.13725364151574812,0.0,417.6360199609347,417.86775702608884,417.8219266128811,417.91648637392933
3.720000000000003,5.786537503765142,10.203216053161308,21.281138084408365,0.5819882391415288,5.957643088975168,0.0,4.923399681518,8.174930132750298,2.6310928026067324,0.2381171884534944,-0.12471696433092716,0.0,396.8439941274929,397.9749579927369,396.5129681291051,398.20564914937586
3.780000000000003,6.087050307756686,10.701482875878176,21.435244026122824,0.59594072394128,5.950314956477854,0.0,5.09379904794045,8.433827243120309,2.5043141370907493,0.218065692046166,-0.11742112580526215,0.0,452.7309977461498,453.3046198950711,454.7949815918656,453.2377714627241
3.840000000000003,6.397653879253481,11.215002333886824,21.581096991307724,0.6092833133328011,5.943372104683597,0.0,5.259729593323225,8.683283547440457,2.3561967802205355,0.22982995881573712,-0.11250483579226397,0.0,447.70209854889816,448.0901999933639,449.1210420810243,450.12268187278806
3.900000000000003,6.717374811634797,11.742072860319286,21.715848423919994,0.6229336549544531,5.937506160368233,0.0,5.39775497000822,8.885738209646185,2.134854716765311,0.2224076771111143,-0.07814467032259874,0.0,419.8518345181911,422.814084263959,422.0396891328796,421.4527676403273
3.960000000000003,7.047468302083501,12.284655659944082,21.8418531402111,0.6359719037692191,5.932440128786933,0.0,5.605006513811638,9.199767055038206,2.063316481681258,0.20442393090156738,-0.10157769144212334,0.0,486.3111942729929,484.54676951735905,484.20827075943953,482.8952344777887
4.020000000000002,7.3880036160521545,12.84281746748732,21.958947164703204,0.6477949783740398,5.925911808784807,0.0,5.74625782370697,9.405436644050969,1.8392033429154901,0.175240756090906,-0.12995344208097565,0.0,427.907015919612,425.47203853145464,428.8946752681775,426.4466988692426
4.080000000000001,7.737967882317921,13.414767322716829,22.064447102333368,0.6578566222992634,5.918251779420871,0.0,5.919257643875353,9.658907464123244,1.6763243549706714,0.14501533550757176,-0.12345142029636631,0.0,454.7931285252855,455.29932249307586,456.46491999726464,454.0710244161548
4.14,8.098091825135265,14.001423141145263,22.159491056086306,0.6666314798902722,5.910624102984109,0.0,6.084934843600151,9.895603917709616,1.4909879398935921,0.14860210530654724,-0.13572848887473496,0.0,449.4802781815467,448.46913387677955,448.1116079717088,448.42299803686984
4.199999999999998,8.46837122569234,14.602456481213734,22.24364907811209,0.6755353879248212,5.9028150604583836,0.0,6.257747127691977,10.13804866032674,1.3133254944067416,0.14798855747296102,-0.12085042506224633,0.0,453.9781090574623,455.15555288713927,454.058893302224,454.02980398456305
4.259999999999997,8.850294351977853,15.219864940735903,22.319433020938277,0.6844427788376564,5.896026591174515,0.0,6.472733300422669,10.440985420679137,1.2111332580227903,0.14937527436846515,-0.10101385603553324,0.0,486.8410243652183,488.3131601886593,488.75647403207466,488.8783371461905
4.319999999999996,9.243875158825263,15.853379668893638,22.386532489174442,0.6932780305626842,5.890014243297449,0.0,6.646473698377131,10.675361644850708,1.024657677663456,0.14263940592085547,-0.09863798683172784,0.0,458.1618150623831,458.34242360165837,457.1391782096586,456.62154746938614
4.379999999999995,9.64680678041623,16.49918796580926,22.440352172383832,0.7021761043010306,5.8841333615365965,0.0,6.784624924268644,10.851131294808175,0.7691565224589602,0.15771787567580975,-0.09679730992945261,0.0,428.9523604756563,429.1001040666487,428.3208001422884,429.6231303213273
4.439999999999993,10.059404347700433,17.15755024658194,22.4812730171121,0.7123393053524048,5.878828388204699,0.0,6.96831121384924,11.093346181132105,0.5937938155637914,0.18602195952094452,-0.07545857383347895,0.0,464.4126762451203,466.07775811840617,465.1605310022402,467.39797766973504
4.499999999999992,10.482017464078172,17.828838885175564,22.509807696525392,0.7236681624430528,5.874474769799537,0.0,7.118580736693397,11.282413594756003,0.35680840479633436,0.19387649273758667,-0.06731891080838787,0.0,439.6454368305894,440.3154897248163,442.4724633581185,443.15363391585
4.559999999999991,10.914277892854653,18.512401132250773,22.525178893714045,0.7354840221180838,5.870464715230128,0.0,7.2896738650531585,11.502221062152545,0.15459502499980596,0.20242199208458247,-0.06588257898639636,0.0,459.1728084027239,459.28362015898415,458.55383721792185,459.2689393301299
4.6199999999999894,11.357188559586247,19.209720479052,22.529019090876904,0.7476866636262098,5.8670391334514385,0.0,7.473423311874773,11.740811439012282,-0.027833569710360856,0.2052196629984618,-0.04364218448818927,0.0,470.2394317299853,471.95768496075164,470.60028968167154,470.8549204725626
4.679999999999988,11.809071251087797,19.91819880228045,22.51848251738132,0.759874032066512,5.864327272500091,0.0,7.589191830980419,11.874925662386554,-0.3233873399644327,0.19856802841349314,-0.048504693934121615,0.0,421.0436171025207,420.6211912266083,421.4418345051089,420.90916433401173
4.739999999999987,12.27011623328322,20.638155616290923,22.493855684839332,0.7726493338607012,5.861916681810715,0.0,7.778192037528116,12.12254174502267,-0.4988662967810223,0.23217651379444257,-0.027278558570722245,0.0,477.96504240054895,479.5799188564525,476.59839417692586,479.2013084989888
4.799999999999986,12.741509933870041,21.371469398832872,22.457107486929335,0.7864781357613015,5.860633743748018,0.0,7.934274564712713,12.32054585467741,-0.7269755003712207,0.22685832827925004,-0.01163118162751857,0.0,458.5086118152433,459.75064295307754,457.532481859473,457.1598516785933
4.859999999999984,13.222599700184244,22.117258576685572,22.407230325760416,0.8000898387966808,5.860272022230291,0.0,8.101202750661187,12.538211190749221,-0.9366724293955669,0.22686848143656657,0.0033150739659978667,0.0,468.83315402515314,469.993646657795,470.01849183100103,470.06731449099163
4.919999999999983,13.712172475760577,22.873760708558137,22.342463610837015,0.8133519097348989,5.860026439405413,0.0,8.217453463659034,12.678200989434297,-1.2223902406452074,0.20563633524512154,-0.026139746093106327,0.0,436.8213156776745,434.3568105296928,436.3336550324269,434.605565895001
4.979999999999982,14.207991001778487,23.637540183877693,22.259536020708808,0.8265556115418669,5.858223420876147,0.0,8.309677172458068,12.780954574185346,-1.5416515098134609,0.23938143593463362,-0.03931677799334314,0.0,418.2215226871763,417.07117964251427,417.32424292855023,420.3106836068419
5.0399999999999805,14.712846965904122,24.413206661902187,22.16275549964841,0.8411082229704734,5.856026072062011,0.0,8.51759651836865,13.072846951783738,-1.6864857489388214,0.24820655246665904,-0.03171640991729035,0.0,504.7238938159323,505.271931904184,504.942933420056,505.63039225562363
